[0.811842346235,0.102543440856,0.0856142129093],0.0,1.0
[0.588556994783,0.209658399782,0.201784605434],0.0,1.0
[0.602908612783,0.165899397799,0.231191989417],0.0,1.0
[0.402539697159,0.215187309326,0.382272993515],0.0,1.0
[0.481079851436,0.264905569646,0.254014578918],0.0,1.0
[0.495674332391,0.200233542019,0.30409212559],0.0,1.0
[0.657984541248,0.133620374361,0.208395084392],0.0,1.0
[0.592873097222,0.205268099485,0.201858803292],0.0,1.0
[0.783084631452,0.0975332195589,0.119382148989],0.0,1.0
[0.796234595033,0.106121887672,0.0976435172946],0.0,1.0
[0.671499574612,0.151740156488,0.176760268899],0.0,1.0
[0.762420500047,0.101607781691,0.135971718262],0.0,1.0
[0.751119794934,0.11924002904,0.129640176026],0.0,1.0
[0.687305542186,0.134417649422,0.178276808392],0.0,1.0
[0.765041368962,0.11254554363,0.122413087408],0.0,1.0
[0.798598003519,0.105727594792,0.0956744016887],0.0,1.0
[0.509168119289,0.199897250522,0.290934630188],0.0,1.0
[0.817942240589,0.0979123746248,0.0841453847865],0.0,1.0
[0.720619553891,0.114919814434,0.164460631675],0.0,1.0
[0.632711647046,0.110962388307,0.256325964647],0.0,1.0
[0.652127006789,0.180055776645,0.167817216566],0.0,1.0
[0.65127894445,0.105442126218,0.243278929332],0.0,1.0
[0.736297378941,0.138185046783,0.125517574276],0.0,1.0
[0.75132187312,0.095468474817,0.153209652063],0.0,1.0
[0.797826237687,0.107716688021,0.0944570742912],0.0,1.0
[0.785981858901,0.124578540778,0.0894396003213],0.0,1.0
[0.776425761844,0.135163624435,0.0884106137207],0.0,1.0
[0.723185699972,0.126372844044,0.150441455984],0.0,1.0
[0.818087068521,0.0983994820198,0.0835134494589],0.0,1.0
[0.782702845921,0.127774477678,0.0895226764011],0.0,1.0
[0.815190456813,0.101465153725,0.0833443894619],0.0,1.0
[0.800042251169,0.110862035851,0.0890957129802],0.0,1.0
[0.529030838562,0.175838034435,0.295131127003],0.0,1.0
[0.796855136659,0.0959575481165,0.107187315224],0.0,1.0
[0.705699910178,0.189044298408,0.105255791413],0.0,1.0
[0.651855377552,0.117292628832,0.230851993615],0.0,1.0
[0.754736162667,0.141802394179,0.103461443154],0.0,1.0
[0.787479598474,0.121839110443,0.0906812910824],0.0,1.0
[0.718089675587,0.136344137111,0.145566187302],0.0,1.0
[0.689868079112,0.109223936211,0.200907984677],0.0,1.0
[0.792370578601,0.103438250149,0.104191171249],0.0,1.0
[0.784107594289,0.128138806513,0.0877535991978],0.0,1.0
[0.792719272466,0.112336258564,0.0949444689699],0.0,1.0
[0.688046718213,0.103075950912,0.208877330876],0.0,1.0
[0.805979433263,0.108619497278,0.0854010694589],0.0,1.0
[0.800042251169,0.110862035851,0.0890957129802],0.0,1.0
[0.799479933939,0.114128668507,0.0863913975542],0.0,1.0
[0.785236092775,0.118190450666,0.0965734565596],0.0,1.0
[0.72807334975,0.146948759469,0.12497789078],0.0,1.0
[0.53602181775,0.244081792863,0.219896389387],0.0,1.0
[0.794813107557,0.113500812049,0.0916860803934],0.0,1.0
[0.7161825331,0.144714265596,0.139103201304],0.0,1.0
[0.817052206216,0.102405819065,0.0805419747195],0.0,1.0
[0.799164363493,0.10622530678,0.0946103297273],0.0,1.0
[0.679151806339,0.168347957824,0.152500235837],0.0,1.0
[0.755082281771,0.15069158109,0.0942261371387],0.0,1.0
[0.752876346695,0.139729845239,0.107393808065],0.0,1.0
[0.793261691192,0.110101537212,0.0966367715953],0.0,1.0
[0.811280029005,0.105810073511,0.0829098974832],0.0,1.0
[0.730986722269,0.16923829789,0.099774979841],0.0,1.0
[0.490455811406,0.349174180489,0.160370008105],0.0,1.0
[0.835320783537,0.102114210241,0.062565006222],0.0,1.0
[0.810536895375,0.109934361392,0.0795287432325],0.0,1.0
[0.854369192608,0.0816591993105,0.063971608082],0.0,1.0
[0.672406535359,0.103742864082,0.223850600559],0.0,1.0
[0.853784431747,0.0867240474266,0.0594915208266],0.0,1.0
[0.739486228791,0.133420723338,0.127093047871],0.0,1.0
[0.880120329565,0.0579411231688,0.0619385472666],0.0,1.0
[0.781840334405,0.140965508134,0.0771941574606],0.0,1.0
[0.879579862691,0.0554808031723,0.0649393341371],0.0,1.0
[0.876365431474,0.0604403500382,0.0631942184873],0.0,1.0
[0.8529453861,0.0686490342288,0.0784055796709],0.0,1.0
[0.809065713416,0.12837122074,0.0625630658441],0.0,1.0
[0.871170615104,0.0534366444194,0.0753927404765],0.0,1.0
[0.782826398333,0.120041108687,0.0971324929805],0.0,1.0
[0.876181196531,0.0615357826884,0.0622830207806],0.0,1.0
[0.821081037487,0.108868564112,0.0700503984013],0.0,1.0
[0.848572887675,0.0809536367043,0.0704734756212],0.0,1.0
[0.859902080844,0.0730856577078,0.0670122614481],0.0,1.0
[0.867901048031,0.0661091592527,0.0659897927166],0.0,1.0
[0.876602305473,0.0558559890559,0.0675417054714],0.0,1.0
[0.876891475097,0.0580325249952,0.0650759999078],0.0,1.0
[0.749990985135,0.163159748248,0.0868492666172],0.0,1.0
[0.824901263418,0.096653461189,0.0784452753932],0.0,1.0
[0.876602305473,0.0558559890559,0.0675417054714],0.0,1.0
[0.837267481016,0.058687046844,0.10404547214],0.0,1.0
[0.844681979501,0.0919441057585,0.0633739147406],0.0,1.0
[0.796312891396,0.0940723608603,0.109614747743],0.0,1.0
[0.883166468209,0.0545624366379,0.0622710951535],0.0,1.0
[0.845998134643,0.0823643427552,0.0716375226019],0.0,1.0
[0.826291657274,0.0934352576265,0.0802730850995],0.0,1.0
[0.888995824856,0.0553589257858,0.0556452493586],0.0,1.0
[0.865936600164,0.0775521912415,0.0565112085945],0.0,1.0
[0.868578297036,0.0573480897224,0.0740736132418],0.0,1.0
[0.794234583218,0.133215957905,0.0725494588769],0.0,1.0
[0.878025979451,0.0498138600265,0.0721601605229],0.0,1.0
[0.888780801213,0.0542163341157,0.057002864671],0.0,1.0
[0.888780801213,0.0542163341157,0.057002864671],0.0,1.0
[0.888455357982,0.0528986057893,0.0586460362291],0.0,1.0
[0.879579862691,0.0554808031723,0.0649393341371],0.0,1.0
[0.832159807425,0.0940847087719,0.0737554838033],0.0,1.0
[0.851254552981,0.0842840923349,0.0644613546843],0.0,1.0
[0.891455810574,0.0557497639675,0.0527944254588],0.0,1.0
[0.876904277406,0.0581563884565,0.0649393341371],0.0,1.0
[0.883166468209,0.0545624366379,0.0622710951535],0.0,1.0
[0.845998134643,0.0823643427552,0.0716375226019],0.0,1.0
[0.876602305473,0.0558559890559,0.0675417054714],0.0,1.0
[0.876602305473,0.0558559890559,0.0675417054714],0.0,1.0
[0.811842346235,0.102543440856,0.0856142129093],0.0,0.0
[0.811842346235,0.102543440856,0.0856142129093],0.0,0.0
[0.491440347678,0.217556065996,0.291003586326],0.0,0.0
[0.67583094159,0.165989500007,0.158179558403],0.0,0.0
[0.63869024652,0.144344704317,0.216965049163],0.0,0.0
[0.572977605868,0.114178385781,0.312844008351],0.0,0.0
[0.637954934186,0.0714505135077,0.290594552306],0.0,0.0
[0.488574432617,0.276641024315,0.234784543068],0.0,0.0
[0.667088744589,0.174253246753,0.158658008658],0.0,0.0
[0.616978193732,0.123050462064,0.259971344204],0.0,0.0
[0.647486913696,0.181667566006,0.170845520298],0.0,0.0
[0.47898181764,0.282153273556,0.238864908804],0.0,0.0
[0.556391424033,0.135909225793,0.307699350173],0.0,0.0
[0.592393768003,0.147708058087,0.25989817391],0.0,0.0
[0.543526904108,0.159458310512,0.29701478538],0.0,0.0
[0.764726193587,0.114061584218,0.121212222196],0.0,0.0
[0.761775466569,0.127554721124,0.110669812307],0.0,0.0
[0.712259512302,0.13968903133,0.148051456369],0.0,0.0
[0.580391418947,0.228739799762,0.190868781291],0.0,0.0
[0.794006989592,0.107572689278,0.0984203211305],0.0,0.0
[0.804891106313,0.0878551409911,0.107253752696],0.0,0.0
[0.729602549227,0.131764912998,0.138632537776],0.0,0.0
[0.805427920717,0.0805201484585,0.114051930825],0.0,0.0
[0.615933992485,0.217568446748,0.166497560767],0.0,0.0
[0.670072099177,0.178852008737,0.151075892086],0.0,0.0
[0.637893313677,0.152664104478,0.209442581845],0.0,0.0
[0.641052608842,0.142801310719,0.216146080439],0.0,0.0
[0.599363106621,0.131481577828,0.269155315551],0.0,0.0
[0.759890769552,0.11778871132,0.122320519128],0.0,0.0
[0.747578706109,0.148365637208,0.104055656683],0.0,0.0
[0.783361658989,0.10544251545,0.111195825561],0.0,0.0
[0.749135624672,0.130106408105,0.120757967224],0.0,0.0
[0.680440404879,0.155842422308,0.163717172813],0.0,0.0
[0.718924144141,0.142366381111,0.138709474748],0.0,0.0
[0.638078836121,0.193242011805,0.168679152074],0.0,0.0
[0.769531663984,0.100928072211,0.129540263805],0.0,0.0
[0.536063235735,0.18395475221,0.279982012055],0.0,0.0
[0.74767864095,0.10649830937,0.145823049679],0.0,0.0
[0.602843273052,0.182676673313,0.214480053634],0.0,0.0
[0.749746976534,0.10053297976,0.149720043706],0.0,0.0
[0.752206106711,0.11644732704,0.131346566249],0.0,0.0
[0.565225470329,0.122562117976,0.312212411695],0.0,0.0
[0.724719212335,0.100589593847,0.174691193818],0.0,0.0
[0.681523699095,0.126281300116,0.192195000789],0.0,0.0
[0.770470459343,0.102605728851,0.126923811806],0.0,0.0
[0.765140422987,0.0951796558154,0.139679921198],0.0,0.0
[0.572916289999,0.188548354226,0.238535355775],0.0,0.0
[0.675882345777,0.14082972281,0.183287931414],0.0,0.0
[0.769927620366,0.13879357141,0.0912788082237],0.0,0.0
[0.782188288203,0.118942924218,0.0988687875787],0.0,0.0
[0.612293569017,0.141311860904,0.24639457008],0.0,0.0
[0.787174132283,0.0969054784912,0.115920389226],0.0,0.0
[0.746734944394,0.0950638637303,0.158201191875],0.0,0.0
[0.659900354618,0.127489060684,0.212610584698],0.0,0.0
[0.768919363617,0.130991172528,0.100089463855],0.0,0.0
[0.774510042159,0.119093553352,0.106396404489],0.0,0.0
[0.770427430974,0.104227731365,0.125344837661],0.0,0.0
[0.611824935566,0.155175260997,0.232999803437],0.0,0.0
[0.738223193517,0.0726554133361,0.189121393147],0.0,0.0
[0.617963360775,0.130320263668,0.251716375557],0.0,0.0
[0.763340628098,0.131404668688,0.105254703213],0.0,0.0
[0.696568449285,0.198503717031,0.104927833684],0.0,0.0
[0.797396910824,0.107262853847,0.095340235329],0.0,0.0
[0.784016157849,0.115622188906,0.100361653246],0.0,0.0
[0.453682241819,0.235725188175,0.310592570006],0.0,0.0
[0.588147135189,0.215547433885,0.196305430926],0.0,0.0
[0.561873177338,0.252549483681,0.185577338981],0.0,0.0
[0.754890833829,0.155890143543,0.0892190226284],0.0,0.0
[0.744467913224,0.122859243602,0.132672843173],0.0,0.0
[0.724625571044,0.118391306928,0.156983122028],0.0,0.0
[0.786493222587,0.0991106336937,0.114396143719],0.0,0.0
[0.798282130226,0.108242436201,0.0934754335738],0.0,0.0
[0.508041169269,0.228210759843,0.263748070888],0.0,0.0
[0.796793561945,0.116559188306,0.0866472497492],0.0,0.0
[0.816191771009,0.100380381301,0.08342784769],0.0,0.0
[0.800922674493,0.102288900691,0.0967884248165],0.0,0.0
[0.736916915822,0.0755762956202,0.187506788557],0.0,0.0
[0.801174727786,0.0960664999562,0.102758772258],0.0,0.0
[0.745936332366,0.12520146698,0.128862200654],0.0,0.0
[0.711876187336,0.151765997912,0.136357814752],0.0,0.0
[0.723914779939,0.110723189101,0.16536203096],0.0,0.0
[0.792947567856,0.11185047093,0.0952019612141],0.0,0.0
[0.750063723612,0.142896674799,0.107039601589],0.0,0.0
[0.811046782829,0.105644520236,0.0833086969355],0.0,0.0
[0.768228942656,0.134219442401,0.097551614943],0.0,0.0
[0.784618034224,0.108439676712,0.106942289064],0.0,0.0
[0.736743490131,0.148886983308,0.114369526561],0.0,0.0
[0.77503261893,0.121099874415,0.103867506655],0.0,0.0
[0.791568825997,0.101253103081,0.107178070922],0.0,0.0
[0.763235458998,0.146190964997,0.0905735760055],0.0,0.0
[0.75723773009,0.119762102254,0.123000167656],0.0,0.0
[0.803666184991,0.105691447363,0.0906423676457],0.0,0.0
[0.803666184991,0.105691447363,0.0906423676457],0.0,0.0
[0.803666184991,0.105691447363,0.0906423676457],0.0,0.0
[0.74539580982,0.146390186948,0.108214003233],0.0,0.0
[0.776377423638,0.115180761506,0.108441814856],0.0,0.0
[0.800042251169,0.110862035851,0.0890957129802],0.0,0.0
[0.800042251169,0.110862035851,0.0890957129802],0.0,0.0
[0.401123703764,0.163432806685,0.435443489551],2.0,0.0
[0.74779733266,0.0754312604435,0.176771406897],0.0,0.0
[0.685361540083,0.206571955814,0.108066504103],0.0,0.0
[0.805036112569,0.106846747024,0.0881171404067],0.0,0.0
[0.782151638416,0.105442835681,0.112405525903],0.0,0.0
[0.732735918703,0.139682563884,0.127581517413],0.0,0.0
[0.786833570336,0.108198173005,0.104968256659],0.0,0.0
[0.740829903691,0.0939166113787,0.16525348493],0.0,0.0
[0.800640610959,0.115119733384,0.0842396556566],0.0,0.0
[0.792760492379,0.115262213653,0.0919772939676],0.0,0.0
[0.756428861673,0.142352099757,0.101219038569],0.0,0.0
[0.817052206216,0.102405819065,0.0805419747195],0.0,0.0
[0.809819510389,0.107769460363,0.0824110292482],0.0,0.0
[0.814431417752,0.101379189413,0.0841893928354],0.0,0.0
[0.795816252915,0.10730359391,0.0968801531747],0.0,0.0
[0.810829673348,0.0964165552825,0.0927537713694],0.0,0.0
[0.815466280057,0.0973728523681,0.0871608675747],0.0,0.0
[0.820235444465,0.0970967698191,0.0826677857163],0.0,0.0
[0.821886959101,0.0937630935426,0.0843499473563],0.0,0.0
[0.688903890032,0.198794520677,0.112301589291],0.0,0.0
[0.766984424169,0.114133288731,0.1188822871],0.0,0.0
[0.746528635385,0.171653874312,0.0818174903035],0.0,0.0
[0.78830106196,0.125560472473,0.0861384655673],0.0,0.0
[0.778691127326,0.127268167815,0.0940407048585],0.0,0.0
[0.710989700301,0.148056322606,0.140953977093],0.0,0.0
[0.814431417752,0.101379189413,0.0841893928354],0.0,0.0
[0.815868709122,0.101621746767,0.0825095441107],0.0,0.0
[0.779239035899,0.128455319939,0.0923056441619],0.0,0.0
[0.756804055692,0.155770631945,0.0874253123629],0.0,0.0
[0.814903962827,0.100639485024,0.0844565521487],0.0,0.0
[0.621562176691,0.140405838329,0.23803198498],0.0,0.0
[0.811842346235,0.102543440856,0.0856142129093],0.0,0.0
[0.800042251169,0.110862035851,0.0890957129802],0.0,0.0
[0.800042251169,0.110862035851,0.0890957129802],0.0,0.0
[0.800042251169,0.110862035851,0.0890957129802],0.0,0.0
[0.800042251169,0.110862035851,0.0890957129802],0.0,0.0
[0.780392224027,0.120792777393,0.0988149985802],0.0,0.0
[0.63665952729,0.11834276684,0.24499770587],0.0,0.0
[0.63992299723,0.174025074544,0.186051928226],0.0,0.0
[0.688816853228,0.087814214681,0.223368932091],0.0,0.0
[0.668193275303,0.116082303053,0.215724421644],0.0,0.0
[0.769254566091,0.113916496783,0.116828937126],0.0,0.0
[0.641162406138,0.11493489174,0.243902702123],0.0,0.0
[0.728764008955,0.132039518587,0.139196472458],0.0,0.0
[0.725061863663,0.105371403164,0.169566733172],0.0,0.0
[0.62940406712,0.191917148215,0.178678784665],0.0,0.0
[0.784457203558,0.106809650765,0.108733145677],0.0,0.0
[0.763245146882,0.135070135548,0.10168471757],0.0,0.0
[0.804758666431,0.103112405904,0.0921289276646],0.0,0.0
[0.75072526864,0.0943506919472,0.154924039413],0.0,0.0
[0.689424863064,0.146885887813,0.163689249123],0.0,0.0
[0.703949370528,0.190120822741,0.105929806731],0.0,0.0
[0.804551404392,0.106671029717,0.0887775658904],0.0,0.0
[0.798334472652,0.104522785158,0.0971427421895],0.0,0.0
[0.785520486238,0.117387826233,0.0970916875283],0.0,0.0
[0.799048359176,0.115121113021,0.0858305278025],0.0,0.0
[0.783308759842,0.120706934777,0.0959843053811],0.0,0.0
[0.545777987574,0.138837276431,0.315384735994],0.0,0.0
[0.483291835999,0.121619344703,0.395088819298],0.0,0.0
[0.730144001364,0.10785025716,0.162005741475],0.0,0.0
[0.810291609242,0.0924371349832,0.0972712557749],0.0,0.0
[0.725821793067,0.163865596869,0.110312610064],0.0,0.0
[0.741108214461,0.134249152344,0.124642633195],0.0,0.0
[0.766643360274,0.13024098068,0.103115659046],0.0,0.0
[0.7201756844,0.113812660367,0.166011655234],0.0,0.0
[0.748552869819,0.109262943697,0.142184186484],0.0,0.0
[0.749497932759,0.154612814275,0.0958892529656],0.0,0.0
[0.77295751979,0.124750060569,0.102292419641],0.0,0.0
[0.808401442484,0.102045338232,0.0895532192843],0.0,0.0
[0.771862792994,0.121853554421,0.106283652585],0.0,0.0
[0.806255256508,0.104527195921,0.0892175475718],0.0,0.0
[0.802631322686,0.109697784408,0.0876708929063],0.0,0.0
[0.761595827763,0.136573052168,0.101831120068],0.0,0.0
[0.717639259794,0.173528537963,0.108832202243],0.0,0.0
[0.779829906797,0.124059410049,0.0961106831541],0.0,0.0
[0.743963650859,0.133305970491,0.12273037865],0.0,0.0
[0.754104697112,0.126654740217,0.119240562671],0.0,0.0
[0.732728608716,0.1370217893,0.130249601984],0.0,0.0
[0.803666184991,0.105691447363,0.0906423676457],0.0,0.0
[0.803666184991,0.105691447363,0.0906423676457],0.0,0.0
[0.803666184991,0.105691447363,0.0906423676457],0.0,0.0
[0.706842725055,0.144321659197,0.148835615749],0.0,0.0
[0.800840956803,0.113352952046,0.085806091151],0.0,0.0
[0.766089624035,0.13173237149,0.102178004475],0.0,0.0
[0.807140475909,0.105506778275,0.0873527458165],0.0,0.0
[0.746711661184,0.150661792372,0.102626546444],0.0,0.0
[0.796290863861,0.110885321119,0.0928238150197],0.0,0.0
[0.694804937854,0.119742819754,0.185452242392],0.0,0.0
[0.699934484634,0.130038926131,0.170026589234],0.0,0.0
[0.727265688853,0.172280133125,0.100454178022],0.0,0.0
[0.718147983005,0.185864030743,0.0959879862524],0.0,0.0
[0.736245820316,0.124328731269,0.139425448415],0.0,0.0
[0.801755274235,0.098118654836,0.100126070929],0.0,0.0
[0.735983189403,0.156724208523,0.107292602074],0.0,0.0
[0.735223248062,0.114050025421,0.150726726517],0.0,0.0
[0.775956517799,0.120848763027,0.103194719174],0.0,0.0
[0.692937953227,0.156632622319,0.150429424454],0.0,0.0
[0.782976598306,0.123712428786,0.0933109729078],0.0,0.0
[0.791108794426,0.104730739516,0.104160466058],0.0,0.0
[0.793754134771,0.10832992152,0.0979159437093],0.0,0.0
[0.762264046164,0.123499580233,0.114236373604],0.0,0.0
[0.73436405387,0.134064303175,0.131571642955],0.0,0.0
[0.668704991923,0.204030936428,0.127264071649],0.0,0.0
[0.798114918236,0.113378519962,0.0885065618017],0.0,0.0
[0.806202914081,0.108246846963,0.0855502389561],0.0,0.0
[0.806202914081,0.108246846963,0.0855502389561],0.0,0.0
[0.771571976935,0.120936168993,0.107491854072],0.0,0.0
[0.72531522226,0.114509439472,0.160175338267],0.0,0.0
[0.790176820761,0.113007000018,0.0968161792215],0.0,0.0
[0.735000530869,0.115418851701,0.149580617429],0.0,0.0
[0.79009984287,0.119974451428,0.0899257057023],0.0,0.0
[0.767945548295,0.139760257397,0.0922941943082],0.0,0.0
[0.784751885112,0.099902982202,0.115345132686],0.0,0.0
[0.784751885112,0.099902982202,0.115345132686],0.0,0.0
[0.766408161076,0.13004197956,0.103549859364],0.0,0.0
[0.706151699414,0.18609654456,0.107751756026],0.0,0.0
[0.797578587195,0.119018640841,0.0834027719638],0.0,0.0
[0.790501339014,0.105887125004,0.103611535983],0.0,0.0
[0.799411752255,0.104090445116,0.0964978026292],0.0,0.0
[0.798920967027,0.103691367873,0.0973876650996],0.0,0.0
[0.786150341419,0.0978799804886,0.115969678093],0.0,0.0
[0.806286973455,0.106718077015,0.0869949495298],0.0,0.0
[0.708787092659,0.194087857172,0.0971250501694],0.0,0.0
[0.771970390952,0.149732408847,0.0782972002009],0.0,0.0
[0.737329185553,0.15960839463,0.103062419816],0.0,0.0
[0.809826847903,0.103076258476,0.0870968936215],0.0,0.0
[0.765887112344,0.109094962087,0.125017925569],0.0,0.0
[0.790176820761,0.113007000018,0.0968161792215],0.0,0.0
[0.790176820761,0.113007000018,0.0968161792215],0.0,0.0
[0.791514011901,0.112014010577,0.0964719775225],0.0,0.0
[0.806202914081,0.108246846963,0.0855502389561],0.0,0.0
[0.797994715976,0.108741487323,0.093263796701],0.0,0.0
[0.768390054117,0.117066529974,0.114543415909],0.0,0.0
[0.808453784911,0.0983256871894,0.0932205279],0.0,0.0
[0.795866025764,0.0936614508851,0.110472523351],0.0,0.0
[0.806255256508,0.104527195921,0.0892175475718],0.0,0.0
[0.75436941268,0.15157795087,0.0940526364497],0.0,0.0
[0.806255256508,0.104527195921,0.0892175475718],0.0,0.0
[0.802631322686,0.109697784408,0.0876708929063],0.0,0.0
[0.786076108976,0.115692088865,0.098231802159],0.0,0.0
[0.795821920707,0.10440260093,0.0997754783632],0.0,0.0
[0.784472663093,0.0982802156898,0.117247121217],0.0,0.0
[0.799479933939,0.114128668507,0.0863913975542],0.0,0.0
[0.804886119917,0.108259709124,0.0868541709596],0.0,0.0
[0.800042251169,0.110862035851,0.0890957129802],0.0,0.0
[0.803666184991,0.105691447363,0.0906423676457],0.0,0.0
[0.803666184991,0.105691447363,0.0906423676457],0.0,0.0
[0.786214686252,0.109420680174,0.104364633574],0.0,0.0
[0.805864713394,0.099489938632,0.0946453479739],0.0,0.0
[0.787110971281,0.111685751821,0.101203276898],0.0,0.0
[0.788860026597,0.113019862178,0.0981201112251],0.0,0.0
[0.801020844646,0.102092265359,0.0968868899945],0.0,0.0
[0.778010255281,0.115429204136,0.106560540583],0.0,0.0
[0.808510053739,0.103089120636,0.0884008256251],0.0,0.0
[0.75174949896,0.147906093581,0.100344407459],0.0,0.0
[0.763837010317,0.12678708185,0.109375907833],0.0,0.0
[0.800042251169,0.110862035851,0.0890957129802],0.0,0.0
[0.783487037459,0.116856340308,0.0996566222329],0.0,0.0
[0.783487037459,0.116856340308,0.0996566222329],0.0,0.0
[0.804886119917,0.108259709124,0.0868541709596],0.0,0.0
[0.68187210527,0.148773315512,0.169354579219],0.0,0.0
[0.771190923021,0.126837655856,0.101971421123],0.0,0.0
[0.81699033626,0.0938013663947,0.0892082973453],0.0,0.0
[0.811131645282,0.0987169546831,0.0901514000351],0.0,0.0
[0.802390327586,0.101704278578,0.0959053938366],0.0,0.0
[0.796614974688,0.118369320805,0.085015704507],0.0,0.0
[0.758864907006,0.150178373562,0.0909567194323],0.0,0.0
[0.674795122324,0.0998674586437,0.225337419032],0.0,0.0
[0.794412762851,0.117693607361,0.0878936297889],0.0,0.0
[0.683062243512,0.221958074192,0.0949796822953],0.0,0.0
[0.64389831823,0.14679225455,0.209309427219],0.0,0.0
[0.818951357685,0.0974332487646,0.0836153935506],0.0,0.0
[0.694102318023,0.132951899622,0.172945782355],0.0,0.0
[0.806789610744,0.111864297289,0.0813460919668],0.0,0.0
[0.818087068521,0.0983994820198,0.0835134494589],0.0,0.0
[0.798437041379,0.108330223562,0.0932327350588],0.0,0.0
[0.821626942969,0.0947576634803,0.0836153935506],0.0,0.0
[0.808603332924,0.0953694386475,0.0960272284282],0.0,0.0
[0.765674855739,0.146540866515,0.0877842777468],0.0,0.0
[0.783406962112,0.0863393320177,0.130253705871],0.0,0.0
[0.807205739526,0.10158714377,0.091207116704],0.0,0.0
[0.801528853985,0.101779449255,0.0966916967599],0.0,0.0
[0.687648559051,0.236497988459,0.0758534524905],0.0,0.0
[0.80360650505,0.114104300293,0.0822891946567],0.0,0.0
[0.799422192589,0.101389126629,0.0991886807821],0.0,0.0
[0.815955473955,0.0978077034394,0.0862368226059],0.0,0.0
[0.716250834276,0.136599844441,0.147149321283],0.0,0.0
[0.722471921279,0.136605262507,0.140922816214],0.0,0.0
[0.820592080664,0.098764000525,0.0806439188112],0.0,0.0
[0.811561712976,0.100882031656,0.0875562553678],0.0,0.0
[0.787822217701,0.105988693324,0.106189088974],0.0,0.0
[0.778501058889,0.114189936594,0.107309004518],0.0,0.0
[0.744650960038,0.161715276018,0.0936337639436],0.0,0.0
[0.74988691094,0.158369530319,0.0917435587415],0.0,0.0
[0.795677396721,0.112534578794,0.0917880244851],0.0,0.0
[0.814431417752,0.101379189413,0.0841893928354],0.0,0.0
[0.780568337994,0.130336732094,0.0890949299118],0.0,0.0
[0.817493034344,0.0994752335813,0.0830317320748],0.0,0.0
[0.775437101313,0.131334156373,0.0932287423138],0.0,0.0
[0.810267356118,0.0996831879384,0.0900494559434],0.0,0.0
[0.811842346235,0.102543440856,0.0856142129093],0.0,0.0
[0.811842346235,0.102543440856,0.0856142129093],0.0,0.0
[0.811842346235,0.102543440856,0.0856142129093],0.0,0.0
[0.811842346235,0.102543440856,0.0856142129093],0.0,0.0
[0.790407211022,0.0949918530372,0.11460093594],0.0,0.0
[0.799164363493,0.10622530678,0.0946103297273],0.0,0.0
[0.792192319093,0.112474182398,0.0953334985092],0.0,0.0
[0.811842346235,0.102543440856,0.0856142129093],0.0,0.0
[0.792192319093,0.112474182398,0.0953334985092],0.0,0.0
[0.733993051383,0.166648527805,0.0993584208123],0.0,0.0
[0.819579407777,0.092637114952,0.0877834772714],0.0,0.0
[0.778612262627,0.113691130777,0.107696606595],0.0,0.0
[0.792316834497,0.115940776029,0.0917423894739],0.0,0.0
[0.731267892139,0.167991592166,0.100740515695],0.0,0.0
[0.817315577815,0.100641427812,0.0820429943738],0.0,0.0
[0.817052206216,0.102405819065,0.0805419747195],0.0,0.0
[0.750196550326,0.15222057843,0.0975828712437],0.0,0.0
[0.824216014486,0.0935934120376,0.0821905734767],0.0,0.0
[0.579899945206,0.310762976949,0.109337077845],0.0,0.0
[0.813002616083,0.105529457359,0.0814679265584],0.0,0.0
[0.785399698811,0.125840131052,0.0887601701378],0.0,0.0
[0.805362497802,0.0942435243479,0.10039397785],0.0,0.0
[0.813450461812,0.0974431849342,0.0891063532536],0.0,0.0
[0.813366402438,0.0989719548821,0.0876616426798],0.0,0.0
[0.810413544566,0.106693708801,0.0828927466323],0.0,0.0
[0.818087068521,0.0983994820198,0.0835134494589],0.0,0.0
[0.813680170566,0.0966548886494,0.0896649407842],0.0,0.0
[0.781162372172,0.129260980532,0.0895766472959],0.0,0.0
[0.782540122656,0.120270015921,0.0971898614235],0.0,0.0
[0.818087068521,0.0983994820198,0.0835134494589],0.0,0.0
[0.791452545334,0.116907009284,0.0916404453822],0.0,0.0
[0.809794811043,0.100422892327,0.0897822966301],0.0,0.0
[0.812856427635,0.0985189364957,0.0886246358695],0.0,0.0
[0.813418744865,0.0952523038399,0.0913289512955],0.0,0.0
[0.809794811043,0.100422892327,0.0897822966301],0.0,0.0
[0.818055351574,0.0962086009255,0.0857360475008],0.0,0.0
[0.768205271979,0.143129674432,0.0886650535887],0.0,0.0
[0.818055351574,0.0962086009255,0.0857360475008],0.0,0.0
[0.817779528329,0.100300902283,0.0819195693879],0.0,0.0
[0.799198318261,0.0931157711045,0.107685910635],0.0,0.0
[0.814431417752,0.101379189413,0.0841893928354],0.0,0.0
[0.814431417752,0.101379189413,0.0841893928354],0.0,0.0
[0.776305835438,0.136132120217,0.0875620443446],0.0,0.0
[0.810829673348,0.0964165552825,0.0927537713694],0.0,0.0
[0.770714732371,0.0878559650756,0.141429302553],0.0,0.0
[0.808103483952,0.104931994096,0.0869645219515],0.0,0.0
[0.818814390635,0.0962945652379,0.0848910441273],0.0,0.0
[0.811842346235,0.102543440856,0.0856142129093],0.0,0.0
[0.811280029005,0.105810073511,0.0829098974832],0.0,0.0
[0.811842346235,0.102543440856,0.0856142129093],0.0,0.0
[0.815466280057,0.0973728523681,0.0871608675747],0.0,0.0
[0.812144318169,0.104843840256,0.083011841575],0.0,0.0
[0.764205502458,0.144107189273,0.0916873082695],0.0,0.0
[0.807230438872,0.108933711806,0.0838358493221],0.0,0.0
[0.815190456813,0.101465153725,0.0833443894619],0.0,0.0
[0.815190456813,0.101465153725,0.0833443894619],0.0,0.0
[0.811842346235,0.102543440856,0.0856142129093],0.0,0.0
[0.811842346235,0.102543440856,0.0856142129093],0.0,0.0
[0.811842346235,0.102543440856,0.0856142129093],0.0,0.0
[0.791630001863,0.115740815054,0.0926291830832],0.0,0.0
[0.811842346235,0.102543440856,0.0856142129093],0.0,0.0
[0.876602305473,0.0558559890559,0.0675417054714],0.0,0.0
[0.876602305473,0.0558559890559,0.0675417054714],0.0,0.0
[0.876602305473,0.0558559890559,0.0675417054714],0.0,0.0
[0.876602305473,0.0558559890559,0.0675417054714],0.0,0.0
[0.876602305473,0.0558559890559,0.0675417054714],0.0,0.0
[0.820781152734,0.0622740387432,0.116944808523],0.0,0.0
[0.600614099482,0.193857752157,0.205528148361],0.0,0.0
[0.789108429662,0.112607850028,0.0982837203104],0.0,0.0
[0.715016493948,0.165901449568,0.119082056484],0.0,0.0
[0.70394070182,0.215741025512,0.0803182726684],0.0,0.0
[0.852359010462,0.0814324491573,0.0662085403806],0.0,0.0
[0.870147383053,0.0642206707224,0.0656319462249],0.0,0.0
[0.796116211062,0.115720626024,0.0881631629145],0.0,0.0
[0.867887546527,0.0642389939544,0.0678734595185],0.0,0.0
[0.820956026697,0.076683797369,0.102360175934],0.0,0.0
[0.852457878708,0.0737654528847,0.0737766684075],0.0,0.0
[0.800728332022,0.109127739898,0.0901439280794],0.0,0.0
[0.836962508163,0.0944006761547,0.0686368156822],0.0,0.0
[0.832030231634,0.095116530328,0.0728532380379],0.0,0.0
[0.865840035736,0.0647443836285,0.0694155806353],0.0,0.0
[0.856748164014,0.0615994308634,0.0816524051225],0.0,0.0
[0.781318295974,0.144699908365,0.0739817956609],0.0,0.0
[0.867706347266,0.0625172427849,0.069776409949],0.0,0.0
[0.781860493154,0.0847026637791,0.133436843067],0.0,0.0
[0.829705544295,0.0980348041457,0.0722596515594],0.0,0.0
[0.796892066318,0.0547754484123,0.14833248527],0.0,0.0
[0.84948988707,0.083988206474,0.066521906456],0.0,0.0
[0.876100690294,0.0600754388584,0.0638238708481],0.0,0.0
[0.88482475372,0.0519799283043,0.0631953179761],0.0,0.0
[0.859145817398,0.0660879572725,0.0747662253296],0.0,0.0
[0.853505394731,0.0811392432343,0.0653553620348],0.0,0.0
[0.875027527997,0.0615489741788,0.0634234978247],0.0,0.0
[0.873832805624,0.0634120894945,0.0627551048814],0.0,0.0
[0.870082595593,0.0646293020751,0.0652881023319],0.0,0.0
[0.855057028346,0.0641218706894,0.0808211009642],0.0,0.0
[0.868137922029,0.0615247982703,0.0703372797007],0.0,0.0
[0.876602305473,0.0558559890559,0.0675417054714],0.0,0.0
[0.884676600598,0.0520092371342,0.0633141622677],0.0,0.0
[0.891996853372,0.054001068828,0.0540020778005],0.0,0.0
[0.884915483534,0.0565404243288,0.0585440921374],0.0,0.0
[0.83096143678,0.0815100142745,0.0875285489455],0.0,0.0
[0.804781951768,0.128347148598,0.0668708996339],0.0,0.0
[0.888218095988,0.0531117001729,0.0586702038391],0.0,0.0
[0.880120329565,0.0579411231688,0.0619385472666],0.0,0.0
[0.814015197409,0.094090607565,0.0918941950262],0.0,0.0
[0.867954562946,0.0536519097071,0.078393527347],0.0,0.0
[0.867954562946,0.0536519097071,0.078393527347],0.0,0.0
[0.877453792327,0.0547658923394,0.0677803153339],0.0,0.0
[0.885477800764,0.0532737916729,0.0612484075634],0.0,0.0
[0.876602305473,0.0558559890559,0.0675417054714],0.0,0.0
[0.876602305473,0.0558559890559,0.0675417054714],0.0,0.0
[0.876602305473,0.0558559890559,0.0675417054714],0.0,0.0
[0.849242170481,0.0777034361122,0.0730543934068],0.0,0.0
[0.811581047492,0.111785685053,0.0766332674556],0.0,0.0
[0.883621944108,0.058293754338,0.058084301554],0.0,0.0
[0.888455357982,0.0528986057893,0.0586460362291],0.0,0.0
[0.766925695222,0.108400314131,0.124673990647],0.0,0.0
[0.865261566852,0.0611271033585,0.0736113297896],0.0,0.0
[0.883121358081,0.056583266211,0.0602953757085],0.0,0.0
[0.83236448512,0.0980214227222,0.0696140921576],0.0,0.0
[0.880120329565,0.0579411231688,0.0619385472666],0.0,0.0
[0.883121358081,0.056583266211,0.0602953757085],0.0,0.0
[0.853988426647,0.0833936597829,0.0626179135706],0.0,0.0
[0.876002571128,0.0566988488352,0.067298580037],0.0,0.0
[0.8283675156,0.104298811061,0.0673336733394],0.0,0.0
[0.845438374587,0.0872935854924,0.0672680399204],0.0,0.0
[0.874746448817,0.060875951721,0.064377599462],0.0,0.0
[0.876927748704,0.0571737173824,0.0658985339133],0.0,0.0
[0.855272563613,0.0735641996417,0.0711632367452],0.0,0.0
[0.888455357982,0.0528986057893,0.0586460362291],0.0,0.0
[0.80286244824,0.130068749078,0.0670688026823],0.0,0.0
[0.799529055996,0.103511236657,0.0969597073476],0.0,0.0
[0.884740588413,0.0583700416893,0.0568893698978],0.0,0.0
[0.871232031964,0.0603994570905,0.0683685109453],0.0,0.0
[0.876602305473,0.0558559890559,0.0675417054714],0.0,0.0
[0.844521375192,0.0842590157227,0.0712196090856],0.0,0.0
[0.876602305473,0.0558559890559,0.0675417054714],0.0,0.0
[0.867954562946,0.0536519097071,0.078393527347],0.0,0.0
[0.868366464288,0.0674168484934,0.0642166872188],0.0,0.0
[0.876927748704,0.0571737173824,0.0658985339133],0.0,0.0
[0.880275859282,0.0560954302522,0.0636287104659],0.0,0.0
[0.851061930496,0.0763493051612,0.0725887643426],0.0,0.0
[0.88349191144,0.0558801649644,0.0606279235954],0.0,0.0
[0.879256040401,0.058907356424,0.0618366031749],0.0,0.0
[0.874746448817,0.060875951721,0.064377599462],0.0,0.0
[0.72539274916,0.133875120728,0.140732130112],0.0,0.0
[0.852661166475,0.0796399308446,0.0676989026804],0.0,0.0
[0.876891475097,0.0580325249952,0.0650759999078],0.0,0.0
[0.880783454969,0.0659371141491,0.0532794308822],0.0,0.0
[0.89167141014,0.0526833405015,0.0556452493586],0.0,0.0
[0.888455357982,0.0528986057893,0.0586460362291],0.0,0.0
[0.888456978924,0.0576428873675,0.0539001337088],0.0,0.0
[0.890649664766,0.0564544572787,0.0528958779553],0.0,0.0
[0.887161818556,0.0546519357985,0.0581862456457],0.0,0.0
[0.880230996829,0.0603386369863,0.0594303661849],0.0,0.0
[0.879256040401,0.058907356424,0.0618366031749],0.0,0.0
[0.876039988243,0.0591226217118,0.0648373900454],0.0,0.0
[0.875071892049,0.0621936800475,0.0627344279039],0.0,0.0
[0.887892652756,0.0517939718465,0.0603133753972],0.0,0.0
[0.885477800764,0.0532737916729,0.0612484075634],0.0,0.0
[0.885477800764,0.0532737916729,0.0612484075634],0.0,0.0
[0.885477800764,0.0532737916729,0.0612484075634],0.0,0.0
[0.864191648497,0.0697672389976,0.0660411125058],0.0,0.0
[0.880995287717,0.0558683553781,0.0631363569053],0.0,0.0
[0.876160252901,0.0565192223486,0.0673205247505],0.0,0.0
[0.889321268087,0.0566766541122,0.0540020778005],0.0,0.0
[0.865284025211,0.0631950366514,0.0715209381372],0.0,0.0
[0.88394738734,0.0596114826645,0.0564411299959],0.0,0.0
[0.791856395614,0.0894821305198,0.118661473867],0.0,0.0
[0.868154697121,0.071527284383,0.0603180184959],0.0,0.0
[0.888693852922,0.0530585263852,0.0582476206929],0.0,0.0
[0.87778248211,0.0533364268055,0.0688810910844],0.0,0.0
[0.888456978924,0.0576428873675,0.0539001337088],0.0,0.0
[0.889019296154,0.0543762547116,0.0566044491348],0.0,0.0
[0.884184261338,0.0550271216822,0.0607886169801],0.0,0.0
[0.868578297036,0.0573480897224,0.0740736132418],0.0,0.0
[0.876602305473,0.0558559890559,0.0675417054714],0.0,0.0
[0.858117476919,0.0740190313373,0.0678634917438],0.0,0.0
[0.851738337423,0.0788841401179,0.0693775224595],0.0,0.0
[0.879818357631,0.0556407237682,0.0645409186009],0.0,0.0
[0.879256040401,0.058907356424,0.0618366031749],0.0,0.0
[0.875308766047,0.0576093190652,0.067081914888],0.0,0.0
[0.862649108002,0.0744848656309,0.0628660263672],0.0,0.0
[0.876602305473,0.0558559890559,0.0675417054714],0.0,0.0
[0.876602305473,0.0558559890559,0.0675417054714],0.0,0.0
[0.758276674989,0.15505503432,0.0866682906914],0.0,0.0
[0.850910645828,0.0836804958299,0.0654088583418],0.0,0.0
[0.851061930496,0.0763493051612,0.0725887643426],0.0,0.0
[0.876602305473,0.0558559890559,0.0675417054714],0.0,0.0
[0.880275859282,0.0560954302522,0.0636287104659],0.0,0.0
[0.878546979037,0.0589604928607,0.0624925281026],0.0,0.0
[0.884676600598,0.0520092371342,0.0633141622677],0.0,0.0
[0.884676600598,0.0520092371342,0.0633141622677],0.0,0.0
[0.876039988243,0.0591226217118,0.0648373900454],0.0,0.0
[0.868137922029,0.0615247982703,0.0703372797007],0.0,0.0
[0.868137922029,0.0615247982703,0.0703372797007],0.0,0.0
[0.868137922029,0.0615247982703,0.0703372797007],0.0,0.0
[0.810693531414,0.0611694167017,0.128137051884],0.0,0.0
[0.829944293837,0.100925832401,0.0691298737616],0.0,0.0
[0.815708316185,0.100141269234,0.084150414581],0.0,0.0
[0.859193679208,0.0758366950235,0.0649696257682],0.0,0.0
[0.839804035834,0.0858948159328,0.0743011482332],0.0,0.0
[0.821944973496,0.065305913403,0.112749113101],0.0,0.0
[0.7933708406,0.105482790021,0.101146369378],0.0,0.0
[0.756918449167,0.115449885674,0.127631665159],0.0,0.0
[0.850272108249,0.077895130058,0.0718327616928],0.0,0.0
[0.853477530751,0.0773932998211,0.0691291694276],0.0,0.0
[0.862962587498,0.0746358913114,0.0624015211904],0.0,0.0
[0.873857341176,0.0626275191875,0.0635151396367],0.0,0.0
[0.826214693924,0.0988934113325,0.0748918947435],0.0,0.0
[0.876618964899,0.0615792028159,0.0618018322847],0.0,0.0
[0.86542482478,0.0710981373111,0.0634770379086],0.0,0.0
[0.875911554964,0.0627468932879,0.0613415517481],0.0,0.0
[0.827056882313,0.0935808136412,0.0793623040463],0.0,0.0
[0.862767648521,0.0660682663049,0.0711640851746],0.0,0.0
[0.732711080236,0.0995176859165,0.167771233847],0.0,0.0
[0.829548253663,0.0734388494053,0.0970128969319],0.0,0.0
[0.867901048031,0.0661091592527,0.0659897927166],0.0,0.0
[0.879821982771,0.0584019735018,0.0617760437267],0.0,0.0
[0.845065146248,0.0867747952845,0.0681600584671],0.0,0.0
[0.868463365261,0.0628425265968,0.0686941081426],0.0,0.0
[0.786287154473,0.117320168658,0.0963926768696],0.0,0.0
[0.739955019196,0.163047236411,0.0969977443933],0.0,0.0
[0.868284348459,0.0655906965623,0.0661249549792],0.0,0.0
[0.815322410899,0.0769425370786,0.107735052023],0.0,0.0
[0.85749220501,0.0696630375467,0.0728447574435],0.0,0.0
[0.866175933842,0.0688549337764,0.0649691323815],0.0,0.0
[0.862300161288,0.068386202168,0.0693136365436],0.0,0.0
[0.856984833872,0.0748517277271,0.0681634384004],0.0,0.0
[0.729170595548,0.170318262469,0.100511141983],0.0,0.0
[0.871198428683,0.0630750318739,0.065726539443],0.0,0.0
[0.793815342891,0.125992724791,0.080191932318],0.0,0.0
[0.862862478518,0.0651195695122,0.0720179519696],0.0,0.0
[0.862862478518,0.0651195695122,0.0720179519696],0.0,0.0
[0.869426641254,0.0638260170942,0.0667473416517],0.0,0.0
[0.873559791969,0.0619959253204,0.0644442827103],0.0,0.0
[0.88429529816,0.0565027480211,0.0592019538192],0.0,0.0
[0.877864814785,0.0616775601749,0.0604576250399],0.0,0.0
[0.841901194139,0.0866304608775,0.0714683449835],0.0,0.0
[0.859551596362,0.0662835315926,0.0741648720451],0.0,0.0
[0.863475058456,0.0649005758328,0.0716243657111],0.0,0.0
[0.866641800132,0.0617927163351,0.0715654835329],0.0,0.0
[0.80926280073,0.0932067819604,0.0975304173096],0.0,0.0
[0.871125934121,0.0639424342081,0.0649316316707],0.0,0.0
[0.867471797768,0.0668962560067,0.0656319462249],0.0,0.0
[0.786685159777,0.119896835539,0.0934180046846],0.0,0.0
[0.825172181146,0.0986931818505,0.0761346370036],0.0,0.0
[0.876147782128,0.0608568088886,0.0629954089832],0.0,0.0
[0.840422324484,0.0808495307926,0.078728144723],0.0,0.0
[0.825617113835,0.107401186919,0.0669816992459],0.0,0.0
[0.878729103949,0.0607113269196,0.0605595691316],0.0,0.0
[0.878101688783,0.0570931991925,0.0648051120241],0.0,0.0
[0.860113913592,0.0630168989368,0.0768691874711],0.0,0.0
[0.826380475386,0.0910459786845,0.0825735459294],0.0,0.0
[0.859551596362,0.0662835315926,0.0741648720451],0.0,0.0
[0.871353974187,0.0613095329826,0.0673364928302],0.0,0.0
[0.871353974187,0.0613095329826,0.0673364928302],0.0,0.0
[0.868439893963,0.063825197671,0.0677349083664],0.0,0.0
[0.795932329369,0.116578349208,0.0874893214224],0.0,0.0
[0.871353974187,0.0613095329826,0.0673364928302],0.0,0.0
[0.859902080844,0.0730856577078,0.0670122614481],0.0,0.0
[0.867575604799,0.0647914309262,0.0676329642746],0.0,0.0
[0.867575604799,0.0647914309262,0.0676329642746],0.0,0.0
[0.867575604799,0.0647914309262,0.0676329642746],0.0,0.0
[0.867575604799,0.0647914309262,0.0676329642746],0.0,0.0
[0.876602305473,0.0558559890559,0.0675417054714],0.0,0.0
[0.720158859907,0.126784396374,0.153056743718],0.0,0.0
[0.888995824856,0.0553589257858,0.0556452493586],0.0,0.0
[0.855409089838,0.0820331998891,0.062557710273],0.0,0.0
[0.742620417462,0.158650989975,0.0987285925638],0.0,0.0
[0.843327955897,0.0816497469822,0.0750222971206],0.0,0.0
[0.867047883612,0.063685780714,0.0692663356743],0.0,0.0
[0.843477894859,0.0587424097317,0.0977796954094],0.0,0.0
[0.880445772796,0.0592588514952,0.0602953757085],0.0,0.0
[0.876904277406,0.0581563884565,0.0649393341371],0.0,0.0
[0.754847508728,0.146394122062,0.0987583692105],0.0,0.0
[0.879579862691,0.0554808031723,0.0649393341371],0.0,0.0
[0.776540627962,0.142549867422,0.0809095046157],0.0,0.0
[0.877453792327,0.0547658923394,0.0677803153339],0.0,0.0
[0.686209747152,0.201461969478,0.11232828337],0.0,0.0
[0.70173640376,0.198810725751,0.0994528704892],0.0,0.0
[0.86500751987,0.0712716005773,0.0637208795523],0.0,0.0
[0.836176184558,0.101454262933,0.062369552509],0.0,0.0
[0.888131535692,0.056325159041,0.0555433052669],0.0,0.0
[0.840654957897,0.0612560736514,0.0980889684513],0.0,0.0
[0.868880268969,0.059648489123,0.0714712419075],0.0,0.0
[0.876602305473,0.0558559890559,0.0675417054714],0.0,0.0
[0.879818357631,0.0556407237682,0.0645409186009],0.0,0.0
[0.873645961107,0.0646453918869,0.0617086470062],0.0,0.0
[0.876602305473,0.0558559890559,0.0675417054714],0.0,0.0
[0.871582516446,0.0672015832056,0.0612159003483],0.0,0.0
[0.841704422283,0.0923192916421,0.0659762860749],0.0,0.0
[0.876602305473,0.0558559890559,0.0675417054714],0.0,0.0
[0.879579862691,0.0554808031723,0.0649393341371],0.0,0.0
[0.88129725965,0.0581687547787,0.0605339855709],0.0,0.0
[0.817626906855,0.12619384959,0.0561792435543],0.0,0.0
[0.752651779749,0.146969103611,0.10037911664],0.0,0.0
[0.874743014923,0.06880786261,0.0564491224666],0.0,0.0
[0.890878609613,0.0543218047714,0.0547995856161],0.0,0.0
[0.8574035087,0.0822221004639,0.0603743908362],0.0,0.0
[0.868236764631,0.0722039407363,0.0595592946326],0.0,0.0
[0.888455357982,0.0528986057893,0.0586460362291],0.0,0.0
[0.880458011737,0.0646193858226,0.0549226024403],0.0,0.0
[0.858582379107,0.0754958457216,0.0659217751717],0.0,0.0
[0.885240926765,0.0578581526552,0.0569009205793],0.0,0.0
[0.814434754116,0.111559622737,0.0740056231475],0.0,0.0
[0.751944507937,0.1647997257,0.0832557663631],0.0,0.0
[0.868015979806,0.0606147223782,0.0713692978158],0.0,0.0
[0.746437013305,0.141771608107,0.111791378588],0.0,0.0
[0.848229054942,0.0839877876244,0.0677831574339],0.0,0.0
[0.883121358081,0.056583266211,0.0602953757085],0.0,0.0
[0.880120329565,0.0579411231688,0.0619385472666],0.0,0.0
[0.872697939478,0.059948108413,0.0673539521088],0.0,0.0
[0.879579862691,0.0554808031723,0.0649393341371],0.0,0.0
[0.751452191427,0.149678839104,0.0988689694681],0.0,0.0
[0.824827939919,0.107009583196,0.0681624768852],0.0,0.0
[0.879256040401,0.058907356424,0.0618366031749],0.0,0.0
[0.847050976406,0.0876827079796,0.0652663156142],0.0,0.0
[0.879579862691,0.0554808031723,0.0649393341371],0.0,0.0
[0.876039988243,0.0591226217118,0.0648373900454],0.0,0.0
[0.876039988243,0.0591226217118,0.0648373900454],0.0,0.0
[0.835045548574,0.0959314143206,0.0690230371052],0.0,0.0
[0.837711689763,0.0814551661829,0.0808331440537],0.0,0.0
[0.888693852922,0.0530585263852,0.0582476206929],0.0,0.0
[0.888693852922,0.0530585263852,0.0582476206929],0.0,0.0
[0.888825911341,0.0521955045427,0.058978584116],0.0,0.0
[0.883925197764,0.0581168789974,0.0579579232386],0.0,0.0
[0.871926407613,0.0562698025921,0.0718037897944],0.0,0.0
[0.868578297036,0.0573480897224,0.0740736132418],0.0,0.0
[0.879818357631,0.0556407237682,0.0645409186009],0.0,0.0
[0.840410882857,0.0940726216514,0.0655164954915],0.0,0.0
[0.879256040401,0.058907356424,0.0618366031749],0.0,0.0
[0.874746448817,0.060875951721,0.064377599462],0.0,0.0
[0.747997674932,0.16874748633,0.0832548387376],0.0,0.0
[0.856272872716,0.0766992518512,0.0670278754325],0.0,0.0
[0.875308766047,0.0576093190652,0.067081914888],0.0,0.0
[0.876602305473,0.0558559890559,0.0675417054714],0.0,0.0
[0.876602305473,0.0558559890559,0.0675417054714],0.0,0.0
[0.879818357631,0.0556407237682,0.0645409186009],0.0,0.0
[0.841514768526,0.0878325229732,0.0706527085006],0.0,0.0
[0.876602305473,0.0558559890559,0.0675417054714],0.0,0.0
[0.876602305473,0.0558559890559,0.0675417054714],0.0,0.0
[0.876602305473,0.0558559890559,0.0675417054714],0.0,0.0
[0.876602305473,0.0558559890559,0.0675417054714],0.0,0.0
[0.886105215929,0.0568919194,0.057002864671],0.0,0.0
[0.85555003686,0.0823169803289,0.0621329828108],0.0,0.0
[0.830077267411,0.102214169983,0.0677085626055],0.0,0.0
[0.89167141014,0.0526833405015,0.0556452493586],0.0,0.0
[0.88394738734,0.0596114826645,0.0564411299959],0.0,0.0
[0.888455357982,0.0528986057893,0.0586460362291],0.0,0.0
[0.888455357982,0.0528986057893,0.0586460362291],0.0,0.0
[0.884915483534,0.0565404243288,0.0585440921374],0.0,0.0
[0.831179112435,0.0569582326971,0.111862654867],0.0,0.0
[0.861227499353,0.0782436556396,0.0605288450076],0.0,0.0
[0.871555854254,0.0569729038387,0.0714712419075],0.0,0.0
[0.871232031964,0.0603994570905,0.0683685109453],0.0,0.0
[0.879579862691,0.0554808031723,0.0649393341371],0.0,0.0
[0.802607880352,0.129989524075,0.067402595573],0.0,0.0
[0.882795914849,0.0552655378845,0.0619385472666],0.0,0.0
[0.842463908452,0.0876842832314,0.0698518083162],0.0,0.0
[0.871907959678,0.0685193115321,0.0595727287902],0.0,0.0
[0.867072924862,0.0691701785027,0.0637568966354],0.0,0.0
[0.839457579338,0.0902740533166,0.0702683673449],0.0,0.0
[0.879579862691,0.0554808031723,0.0649393341371],0.0,0.0
[0.879579862691,0.0554808031723,0.0649393341371],0.0,0.0
[0.839177393329,0.0652189532446,0.0956036534263],0.0,0.0
[0.847202438646,0.082169007321,0.0706285540332],0.0,0.0
[0.879905305922,0.0567985314987,0.063296162579],0.0,0.0
[0.880801902904,0.0536876052091,0.0655104918864],0.0,0.0
[0.885803243995,0.0545915199994,0.0596052360053],0.0,0.0
[0.812771633052,0.113175819404,0.0740525475433],0.0,0.0
[0.8920419635,0.0519802392549,0.0559777972455],0.0,0.0
[0.876602305473,0.0558559890559,0.0675417054714],0.0,0.0
[0.876602305473,0.0558559890559,0.0675417054714],0.0,0.0
[0.876602305473,0.0558559890559,0.0675417054714],0.0,0.0
[0.876602305473,0.0558559890559,0.0675417054714],0.0,0.0
[0.880120329565,0.0579411231688,0.0619385472666],0.0,0.0
[0.875308766047,0.0576093190652,0.067081914888],0.0,0.0
[0.876602305473,0.0558559890559,0.0675417054714],0.0,0.0
[0.876602305473,0.0558559890559,0.0675417054714],0.0,0.0
[0.877229720638,0.059474116783,0.063296162579],0.0,0.0
[0.876602305473,0.0558559890559,0.0675417054714],0.0,0.0
[0.881763031195,0.0587452275729,0.0594917412321],0.0,0.0
[0.842463908452,0.0876842832314,0.0698518083162],0.0,0.0
[0.827300689267,0.104036460316,0.0686628504169],0.0,0.0
[0.834866736101,0.0964505349329,0.0686827289656],0.0,0.0
[0.842463908452,0.0876842832314,0.0698518083162],0.0,0.0
[0.876602305473,0.0558559890559,0.0675417054714],0.0,0.0
[0.87995041605,0.0547777019257,0.065271882024],0.0,0.0
[0.87995041605,0.0547777019257,0.065271882024],0.0,0.0
[0.876602305473,0.0558559890559,0.0675417054714],0.0,0.0
[0.876602305473,0.0558559890559,0.0675417054714],0.0,0.0
[0.876602305473,0.0558559890559,0.0675417054714],0.0,0.0
[0.876602305473,0.0558559890559,0.0675417054714],0.0,0.0
[0.876602305473,0.0558559890559,0.0675417054714],0.0,0.0
[0.876602305473,0.0558559890559,0.0675417054714],0.0,0.0
[0.845998134643,0.0823643427552,0.0716375226019],0.0,0.0
[0.847202438646,0.082169007321,0.0706285540332],0.0,0.0
[0.875308766047,0.0576093190652,0.067081914888],0.0,0.0
[0.875744078122,0.0565694218821,0.0676864999957],0.0,0.0
[0.876602305473,0.0558559890559,0.0675417054714],0.0,0.0
[0.879579862691,0.0554808031723,0.0649393341371],0.0,0.0
[0.879579862691,0.0554808031723,0.0649393341371],0.0,0.0
[0.879579862691,0.0554808031723,0.0649393341371],0.0,0.0
[0.879579862691,0.0554808031723,0.0649393341371],0.0,0.0
[0.888455357982,0.0528986057893,0.0586460362291],0.0,0.0
[0.880431349545,0.0543907064557,0.0651779439995],0.0,0.0
[0.846931633637,0.0828096644322,0.0702587019307],0.0,0.0
[0.883647401703,0.0541754411679,0.062177157129],0.0,0.0
[0.68479255241,0.1578971824,0.157310265191],0.0,0.0
[0.851181151968,0.0811970462952,0.0676218017373],0.0,0.0
[0.80760572133,0.119899288211,0.0724949904586],0.0,0.0
[0.889321268087,0.0566766541122,0.0540020778005],0.0,0.0
[0.892902074856,0.0526245507858,0.0544733743586],0.0,0.0
[0.84772032679,0.0896040328111,0.0626756403986],0.0,0.0
[0.888455357982,0.0528986057893,0.0586460362291],0.0,0.0
[0.851066670744,0.0877851605469,0.0611481687095],0.0,0.0
[0.875457263761,0.0670202553331,0.0575224809057],0.0,0.0
[0.868676990002,0.0728149780799,0.0585080319181],0.0,0.0
[0.836440835522,0.0967145352935,0.0668446291847],0.0,0.0
[0.885779772697,0.0555741910735,0.0586460362291],0.0,0.0
[0.859084263051,0.0769970398527,0.0639186970965],0.0,0.0
[0.891996853372,0.054001068828,0.0540020778005],0.0,0.0
[0.873186581586,0.0708463827829,0.055967035631],0.0,0.0
[0.839754593593,0.0856271533105,0.0746182530965],0.0,0.0
[0.877241959579,0.0648346511104,0.0579233893108],0.0,0.0
[0.888780801213,0.0542163341157,0.057002864671],0.0,0.0
[0.888455357982,0.0528986057893,0.0586460362291],0.0,0.0
[0.840874585223,0.0863031599419,0.0728222548352],0.0,0.0
[0.836663952106,0.0890882654614,0.0742477824326],0.0,0.0
[0.871555854254,0.0569729038387,0.0714712419075],0.0,0.0
[0.883121358081,0.056583266211,0.0602953757085],0.0,0.0
[0.838844831499,0.0921862301941,0.0689689383066],0.0,0.0
[0.843268751689,0.0829277123158,0.0738035359955],0.0,0.0
[0.877229720638,0.059474116783,0.063296162579],0.0,0.0
[0.870429908949,0.0648606571746,0.0647094338767],0.0,0.0
[0.876904277406,0.0581563884565,0.0649393341371],0.0,0.0
[0.882795914849,0.0552655378845,0.0619385472666],0.0,0.0
[0.878286323265,0.0572341331815,0.0644795435537],0.0,0.0
[0.879579862691,0.0554808031723,0.0649393341371],0.0,0.0
[0.868366464288,0.0674168484934,0.0642166872188],0.0,0.0
[0.881524536255,0.058585306977,0.0598901567683],0.0,0.0
[0.879579862691,0.0554808031723,0.0649393341371],0.0,0.0
[0.876039988243,0.0591226217118,0.0648373900454],0.0,0.0
[0.876039988243,0.0591226217118,0.0648373900454],0.0,0.0
[0.876039988243,0.0591226217118,0.0648373900454],0.0,0.0
[0.879579862691,0.0554808031723,0.0649393341371],0.0,0.0
[0.863949394534,0.0684040856656,0.0676465198],0.0,0.0
[0.879579862691,0.0554808031723,0.0649393341371],0.0,0.0
[0.882795914849,0.0552655378845,0.0619385472666],0.0,0.0
[0.882795914849,0.0552655378845,0.0619385472666],0.0,0.0
[0.879256040401,0.058907356424,0.0618366031749],0.0,0.0
[0.877795166873,0.057666407395,0.064538425732],0.0,0.0
[0.878286323265,0.0572341331815,0.0644795435537],0.0,0.0
[0.878286323265,0.0572341331815,0.0644795435537],0.0,0.0
[0.845998134643,0.0823643427552,0.0716375226019],0.0,0.0
[0.843317248761,0.0862718411669,0.0704109100725],0.0,0.0
[0.855068568713,0.0768945872854,0.0680368440012],0.0,0.0
[0.879579862691,0.0554808031723,0.0649393341371],0.0,0.0
[0.879579862691,0.0554808031723,0.0649393341371],0.0,0.0
[0.879905305922,0.0567985314987,0.063296162579],0.0,0.0
[0.872159093546,0.0622320699947,0.065608836459],0.0,0.0
[0.879579862691,0.0554808031723,0.0649393341371],0.0,0.0
[0.885477800764,0.0532737916729,0.0612484075634],0.0,0.0
[0.885477800764,0.0532737916729,0.0612484075634],0.0,0.0
[0.885477800764,0.0532737916729,0.0612484075634],0.0,0.0
[0.885477800764,0.0532737916729,0.0612484075634],0.0,0.0
[0.885477800764,0.0532737916729,0.0612484075634],0.0,0.0
[0.801898983959,0.106006840404,0.0920941756367],0.0,0.0
[0.880669844485,0.0545506270516,0.0647795284634],0.0,0.0
[0.84631440103,0.0588891415561,0.0947964574138],0.0,0.0
[0.879508363479,0.0554409352184,0.0650507013031],0.0,0.0
[0.880107527255,0.0578172597075,0.0620752130373],0.0,0.0
[0.885477800764,0.0532737916729,0.0612484075634],0.0,0.0
[0.814753985071,0.124937339519,0.0603086754106],0.0,0.0
[0.888456978924,0.0576428873675,0.0539001337088],0.0,0.0
[0.888693852922,0.0530585263852,0.0582476206929],0.0,0.0
[0.884184261338,0.0550271216822,0.0607886169801],0.0,0.0
[0.883825163365,0.0545963740532,0.0615784625814],0.0,0.0
[0.885477800764,0.0532737916729,0.0612484075634],0.0,0.0
[0.851254552981,0.0842840923349,0.0644613546843],0.0,0.0
[0.880477052788,0.0556746611834,0.0638482860288],0.0,0.0
[0.885477800764,0.0532737916729,0.0612484075634],0.0,0.0
[0.844920474441,0.0921040263544,0.0629754992044],0.0,0.0
[0.889019296154,0.0543762547116,0.0566044491348],0.0,0.0
[0.889019296154,0.0543762547116,0.0566044491348],0.0,0.0
[0.888131535692,0.056325159041,0.0555433052669],0.0,0.0
[0.888131535692,0.056325159041,0.0555433052669],0.0,0.0
[0.884184261338,0.0550271216822,0.0607886169801],0.0,0.0
[0.885803243995,0.0545915199994,0.0596052360053],0.0,0.0
[0.885803243995,0.0545915199994,0.0596052360053],0.0,0.0
[0.885803243995,0.0545915199994,0.0596052360053],0.0,0.0
[0.885803243995,0.0545915199994,0.0596052360053],0.0,0.0
[0.885240926765,0.0578581526552,0.0569009205793],0.0,0.0
[0.888239758415,0.0559650292553,0.0557952123293],0.0,0.0
[0.885240926765,0.0578581526552,0.0569009205793],0.0,0.0
[0.885477800764,0.0532737916729,0.0612484075634],0.0,0.0
[0.868578297036,0.0573480897224,0.0740736132418],0.0,0.0
[0.868578297036,0.0573480897224,0.0740736132418],0.0,0.0
[0.868578297036,0.0573480897224,0.0740736132418],0.0,0.0
[0.868578297036,0.0573480897224,0.0740736132418],0.0,0.0
[0.868578297036,0.0573480897224,0.0740736132418],0.0,0.0
[0.872096321128,0.0594332238352,0.068470455037],0.0,0.0
[0.840874585223,0.0863031599419,0.0728222548352],0.0,0.0
[0.86672244038,0.0623680523875,0.0709095072324],0.0,0.0
[0.772120544304,0.112615528713,0.115263926984],0.0,0.0
[0.850783387279,0.0624977277768,0.0867188849447],0.0,0.0
[0.868015979806,0.0606147223782,0.0713692978158],0.0,0.0
[0.838045468404,0.0857023308648,0.0762522007308],0.0,0.0
[0.871926407613,0.0562698025921,0.0718037897944],0.0,0.0
[0.868578297036,0.0573480897224,0.0740736132418],0.0,0.0
[0.871926407613,0.0562698025921,0.0718037897944],0.0,0.0
[0.868578297036,0.0573480897224,0.0740736132418],0.0,0.0
[0.868578297036,0.0573480897224,0.0740736132418],0.0,0.0
[0.876602305473,0.0558559890559,0.0675417054714],0.0,0.0
[0.876602305473,0.0558559890559,0.0675417054714],0.0,0.0
[0.876602305473,0.0558559890559,0.0675417054714],0.0,0.0
[0.876602305473,0.0558559890559,0.0675417054714],0.0,0.0
[0.879818357631,0.0556407237682,0.0645409186009],0.0,0.0
[0.842463908452,0.0876842832314,0.0698518083162],0.0,0.0
[0.876602305473,0.0558559890559,0.0675417054714],0.0,0.0
[0.876927748704,0.0571737173824,0.0658985339133],0.0,0.0
[0.876602305473,0.0558559890559,0.0675417054714],0.0,0.0
[0.876602305473,0.0558559890559,0.0675417054714],0.0,0.0
[0.879581483633,0.0602250847505,0.0601934316168],0.0,0.0
[0.879818357631,0.0556407237682,0.0645409186009],0.0,0.0
[0.858117476919,0.0740190313373,0.0678634917438],0.0,0.0
[0.880275859282,0.0560954302522,0.0636287104659],0.0,0.0
[0.876602305473,0.0558559890559,0.0675417054714],0.0,0.0
[0.876039988243,0.0591226217118,0.0648373900454],0.0,0.0
[0.876602305473,0.0558559890559,0.0675417054714],0.0,0.0
[0.876602305473,0.0558559890559,0.0675417054714],0.0,0.0
[0.876602305473,0.0558559890559,0.0675417054714],0.0,0.0
[0.876602305473,0.0558559890559,0.0675417054714],0.0,0.0
[0.880143800863,0.0569584520946,0.0628977470428],0.0,0.0
[0.878982319856,0.0578487602614,0.0631689198825],0.0,0.0
[0.875634209278,0.0589270473917,0.0654387433299],0.0,0.0
[0.876904277406,0.0581563884565,0.0649393341371],0.0,0.0
[0.871601557497,0.0582568585664,0.0701415839368],0.0,0.0
[0.876602305473,0.0558559890559,0.0675417054714],0.0,0.0
[0.876602305473,0.0558559890559,0.0675417054714],0.0,0.0
[0.879818357631,0.0556407237682,0.0645409186009],0.0,0.0
[0.880143800863,0.0569584520946,0.0628977470428],0.0,0.0
[0.880143800863,0.0569584520946,0.0628977470428],0.0,0.0
[0.874255292425,0.0613082259345,0.0644364816403],0.0,0.0
[0.874817609655,0.0580415932787,0.0671407970663],0.0,0.0
[0.879818357631,0.0556407237682,0.0645409186009],0.0,0.0
[0.875308766047,0.0576093190652,0.067081914888],0.0,0.0
[0.845998134643,0.0823643427552,0.0716375226019],0.0,0.0
[0.845998134643,0.0823643427552,0.0716375226019],0.0,0.0
[0.845998134643,0.0823643427552,0.0716375226019],0.0,0.0
[0.842991805529,0.0849541128405,0.0720540816306],0.0,0.0
[0.830834915457,0.09871651984,0.0704485647026],0.0,0.0
[0.855068568713,0.0768945872854,0.0680368440012],0.0,0.0
[0.876602305473,0.0558559890559,0.0675417054714],0.0,0.0
[0.876602305473,0.0558559890559,0.0675417054714],0.0,0.0
[0.876602305473,0.0558559890559,0.0675417054714],0.0,0.0
[0.876602305473,0.0558559890559,0.0675417054714],0.0,0.0
[0.809081205328,0.125709164335,0.0652096303372],0.0,0.0
[0.876602305473,0.0558559890559,0.0675417054714],0.0,0.0
[0.880275859282,0.0560954302522,0.0636287104659],0.0,0.0
[0.87995041605,0.0547777019257,0.065271882024],0.0,0.0
[0.87995041605,0.0547777019257,0.065271882024],0.0,0.0
[0.87995041605,0.0547777019257,0.065271882024],0.0,0.0
[0.87995041605,0.0547777019257,0.065271882024],0.0,0.0
[0.876039988243,0.0591226217118,0.0648373900454],0.0,0.0
[0.876602305473,0.0558559890559,0.0675417054714],0.0,0.0
[0.876602305473,0.0558559890559,0.0675417054714],0.0,0.0
[0.876602305473,0.0558559890559,0.0675417054714],0.0,0.0
[0.876039988243,0.0591226217118,0.0648373900454],0.0,0.0
[0.876039988243,0.0591226217118,0.0648373900454],0.0,0.0
[0.876039988243,0.0591226217118,0.0648373900454],0.0,0.0
[0.876039988243,0.0591226217118,0.0648373900454],0.0,0.0
[0.876039988243,0.0591226217118,0.0648373900454],0.0,0.0
[0.876602305473,0.0558559890559,0.0675417054714],0.0,0.0
[0.876039988243,0.0591226217118,0.0648373900454],0.0,0.0
[0.876039988243,0.0591226217118,0.0648373900454],0.0,0.0
[0.876039988243,0.0591226217118,0.0648373900454],0.0,0.0
[0.876039988243,0.0591226217118,0.0648373900454],0.0,0.0
[0.876602305473,0.0558559890559,0.0675417054714],0.0,0.0
[0.876602305473,0.0558559890559,0.0675417054714],0.0,0.0
[0.876602305473,0.0558559890559,0.0675417054714],0.0,0.0
[0.876602305473,0.0558559890559,0.0675417054714],0.0,0.0
[0.876602305473,0.0558559890559,0.0675417054714],0.0,0.0
[0.876602305473,0.0558559890559,0.0675417054714],0.0,0.0
[0.876602305473,0.0558559890559,0.0675417054714],0.0,0.0
[0.876602305473,0.0558559890559,0.0675417054714],0.0,0.0
[0.876602305473,0.0558559890559,0.0675417054714],0.0,0.0
[0.876602305473,0.0558559890559,0.0675417054714],0.0,0.0
[0.811842346235,0.102543440856,0.0856142129093],0.0,2.0
[0.567260448166,0.0933623886944,0.339377163139],0.0,2.0
[0.691087065795,0.117158329729,0.191754604476],0.0,2.0
[0.658482053017,0.100189050006,0.241328896977],0.0,2.0
[0.509105842721,0.200670472058,0.290223685221],0.0,2.0
[0.613634295403,0.128746636733,0.257619067864],0.0,2.0
[0.585024963759,0.136547369976,0.278427666265],0.0,2.0
[0.585690932102,0.135910602653,0.278398465246],0.0,2.0
[0.72020287823,0.120094370523,0.159702751248],0.0,2.0
[0.764452271765,0.136842128839,0.0987055993961],0.0,2.0
[0.556360756903,0.221225795124,0.222413447972],0.0,2.0
[0.768552976538,0.115175056821,0.116271966641],0.0,2.0
[0.673992447441,0.190552680853,0.135454871706],0.0,2.0
[0.769926415277,0.129945785377,0.100127799346],0.0,2.0
[0.7334566499,0.167648573712,0.0988947763872],0.0,2.0
[0.681007590854,0.113593026162,0.205399382984],0.0,2.0
[0.732921175805,0.161035484578,0.106043339617],0.0,2.0
[0.824744842271,0.0954534499405,0.0798017077889],0.0,2.0
[0.722107891925,0.139336377523,0.138555730552],0.0,2.0
[0.729215304242,0.165589444192,0.105195251566],0.0,2.0
[0.591724833425,0.116081775199,0.292193391376],0.0,2.0
[0.602242932148,0.196415573782,0.20134149407],0.0,2.0
[0.687173221838,0.183200851661,0.129625926501],0.0,2.0
[0.743683632617,0.133979185154,0.12233718223],0.0,2.0
[0.716141710579,0.134995230314,0.148863059107],0.0,2.0
[0.629001693737,0.112390767893,0.25860753837],0.0,2.0
[0.718839956416,0.13581111226,0.145348931324],0.0,2.0
[0.824650320213,0.0945456070554,0.0808040727313],0.0,2.0
[0.630071235141,0.155554465084,0.214374299775],0.0,2.0
[0.803666184991,0.105691447363,0.0906423676457],0.0,2.0
[0.73839891933,0.129633346641,0.131967734029],0.0,2.0
[0.800042251169,0.110862035851,0.0890957129802],0.0,2.0
[0.790251992163,0.105147937187,0.10460007065],0.0,2.0
[0.608531074937,0.168025356798,0.223443568265],0.0,2.0
[0.776095373993,0.115617778143,0.108286847863],0.0,2.0
[0.699933035344,0.116165524999,0.183901439657],0.0,2.0
[0.72158629709,0.153619884782,0.124793818127],0.0,2.0
[0.727573339681,0.146500893879,0.12592576644],0.0,2.0
[0.571879492057,0.129254656764,0.298865851179],0.0,2.0
[0.771574903071,0.1345246667,0.0939004302284],0.0,2.0
[0.75702461215,0.13058663747,0.112388750381],0.0,2.0
[0.767029369376,0.122608937877,0.110361692747],0.0,2.0
[0.740734300961,0.10951177393,0.149753925109],0.0,2.0
[0.702194077142,0.182892727518,0.11491319534],0.0,2.0
[0.77225849994,0.118177611401,0.109563888659],0.0,2.0
[0.799985982341,0.106098602404,0.0939154152551],0.0,2.0
[0.787110971281,0.111685751821,0.101203276898],0.0,2.0
[0.718643243671,0.0840426931426,0.197314063186],0.0,2.0
[0.763416768412,0.134144880982,0.102438350606],0.0,2.0
[0.811280029005,0.105810073511,0.0829098974832],0.0,2.0
[0.750979683274,0.146520067027,0.102500249699],0.0,2.0
[0.790279712594,0.122460146456,0.0872601409494],0.0,2.0
[0.811842346235,0.102543440856,0.0856142129093],0.0,2.0
[0.431071357657,0.372201632859,0.196727009484],0.0,2.0
[0.591125258005,0.227512408684,0.181362333311],0.0,2.0
[0.842643425837,0.0597675372529,0.0975890369099],0.0,2.0
[0.80802840333,0.0887751761405,0.10319642053],0.0,2.0
[0.689373725739,0.0810649153066,0.229561358954],0.0,2.0
[0.764847205039,0.153187949125,0.0819648458356],0.0,2.0
[0.885779772697,0.0555741910735,0.0586460362291],0.0,2.0
[0.888693852922,0.0530585263852,0.0582476206929],0.0,2.0
[0.81102116383,0.102250552551,0.0867282836192],0.0,2.0
[0.887444197573,0.0563360798838,0.0562197225436],0.0,2.0
[0.852121462365,0.0794235692476,0.0684549683874],0.0,2.0
[0.560063895658,0.287307550711,0.152628553632],0.0,2.0
[0.831124358666,0.0943456593775,0.0745299819567],0.0,2.0
[0.859795949313,0.0753958305488,0.0648082201383],0.0,2.0
[0.832328662669,0.0941503239433,0.073521013388],0.0,2.0
[0.879175400153,0.0583320203716,0.0624925794753],0.0,2.0
[0.868137922029,0.0615247982703,0.0703372797007],0.0,2.0
[0.843790563091,0.0856053066998,0.0706041302095],0.0,2.0
[0.876602305473,0.0558559890559,0.0675417054714],0.0,2.0
[0.880143800863,0.0569584520946,0.0628977470428],0.0,2.0
[0.876927748704,0.0571737173824,0.0658985339133],0.0,2.0
[0.87995041605,0.0547777019257,0.065271882024],0.0,2.0
[0.81465353066,0.0942850375081,0.0910614318316],0.0,2.0
[0.879579862691,0.0554808031723,0.0649393341371],0.0,2.0
[0.793820731321,0.0874837691063,0.118695499572],0.0,2.0
[0.850715707049,0.0865680539166,0.0627162390345],0.0,2.0
[0.876861090041,0.056671210409,0.0664676995499],0.0,2.0
[0.885477800764,0.0532737916729,0.0612484075634],0.0,2.0
[0.885477800764,0.0532737916729,0.0612484075634],0.0,2.0
[0.876602305473,0.0558559890559,0.0675417054714],0.0,2.0
[0.876602305473,0.0558559890559,0.0675417054714],0.0,2.0
[0.87995041605,0.0547777019257,0.065271882024],0.0,2.0
[0.87995041605,0.0547777019257,0.065271882024],0.0,2.0
[0.876602305473,0.0558559890559,0.0675417054714],0.0,2.0
[0.876602305473,0.0558559890559,0.0675417054714],0.0,2.0
